-6.178860326643495233e-04
2.760218632033299441e-03
-1.282442995974700023e-03
8.910284875688999698e-03
1.007908614977050255e-03
-1.058775526695199904e-03
2.291911709085350107e-03
4.492024937307099834e-03
-1.003447499661499868e-03
1.401748880401899357e-03
2.343112601709499559e-04
-4.034635124776799961e-03
-2.111679162901999168e-04
4.033833866211099933e-03
1.846612979085550128e-03
1.940297910012499932e-03
4.921470229519600212e-03
-8.926465467727501008e-04
-2.447618178994750374e-03
4.509594285177501638e-04
7.322445903754999565e-04
8.683090957086300049e-03
-2.070299694466650690e-03
-5.788818524153449205e-03
-1.541695271989300051e-03
6.683573100635749678e-03
-1.558488176885699681e-03
3.509898965734999142e-04
7.141158513412099174e-03
-5.043328397393500185e-04
2.220788388987176253e-03
-6.936921766072200006e-03
2.187156951010249713e-03
-3.403401479175999136e-03
-1.501954838327300163e-03
-2.213173348802549480e-03
-7.579053954120997796e-04
-2.058292079799500102e-03
1.868236772625002829e-04
3.201411187108299701e-03
