-3.899413275270726797e-03
-8.920065678996825587e-04
4.017561023636363922e-03
2.581188960739408920e-03
-7.600740353396362881e-04
-7.433849934562863047e-03
1.536613716503409379e-03
5.413781286676814554e-04
-2.117137767000181955e-03
-2.712248293525545018e-03
-1.827537685757636178e-03
-5.962398234683182439e-03
-1.596292744620911557e-04
3.088830368604583335e-05
-5.404382664612226474e-03
5.559651158730681900e-03
-7.599071202914545187e-04
-3.752373738445863305e-03
-5.565637674400454767e-04
-1.297794347714363496e-03
-3.904833534806363715e-04
1.408339750864590111e-03
-5.101584283823954076e-03
-8.692114927265272295e-03
-6.790553964333274212e-03
3.855596630635682327e-03
1.537739893544772668e-03
-1.213361504793590648e-03
4.577847519318319590e-03
-2.493642403495453536e-04
1.115170764638090872e-03
-8.504450276477591025e-03
-2.785118000261954142e-03
-2.565392601194272856e-03
-2.013552168436499607e-03
-1.001629850422622835e-02
3.588900962069455254e-03
-2.294477413455953130e-03
-4.110685360236999292e-03
-8.640319837351272125e-03
