4.642667363963048563e-03
3.358871652999666745e-03
7.580801434608091562e-04
2.579784752723285508e-03
1.796582273981856643e-03
1.181930623803189532e-03
-1.146396499027190494e-03
7.857533609119056505e-04
-2.082756852400332453e-03
-1.366771508547286011e-03
-2.039755991599809509e-03
9.914722883917134744e-04
-1.187373039044618914e-03
6.754405763513427613e-03
1.073891402878285632e-03
-1.689644413660047317e-03
4.829534466357998136e-03
5.577465811160959132e-04
-1.396842351556618371e-03
-2.044049832337238234e-03
-1.360794987445523808e-03
-1.872698100022619208e-03
2.228667496132857547e-04
1.025569387359041672e-04
-8.574184964105233467e-04
-1.416480066256856464e-03
-8.331239363022857700e-04
2.356957602095761939e-03
2.750170853452094718e-03
-2.648818530739952253e-03
2.518325283487713850e-03
-6.067223878421433526e-04
1.187016561944288188e-04
-7.132800773602856591e-04
-1.515934850381571615e-03
-1.518322927844476065e-03
-4.887326517616428882e-03
4.162698359755234332e-04
-8.724665909214763745e-04
2.837407912641428265e-03
