3.120783854041301350e-04
-7.087289031386173263e-03
5.107111561692478235e-03
1.325108560443910978e-04
-7.778482757353480034e-04
-5.439506142630912491e-03
-6.674091214840872140e-04
-3.442737716913043654e-03
-7.865932453967824662e-04
6.382585821616527065e-04
-1.996986593044999900e-03
-4.961130626939566461e-03
1.228696502211608713e-03
-3.060349671969173849e-03
-2.878835095743042995e-03
-1.784434108792782398e-03
-6.656992800448869110e-03
-2.631503958410695738e-03
-4.270191158968609547e-03
1.401960741055478321e-03
-4.315110410633652555e-03
-2.559868169678260891e-03
1.062822322345999878e-03
-8.057039705085694906e-03
-5.774580644425304429e-03
9.168703266814045086e-03
-5.885357222209999448e-03
2.220879076548262342e-04
3.006156059405042796e-03
1.006934385383086899e-03
-4.728979361996913690e-03
-7.705407732357000619e-03
1.187414918282260696e-03
-3.026118868840347708e-03
-1.062856598935826326e-03
-9.320818381407129649e-03
3.028068207220609240e-03
-1.302079705139999816e-03
-3.241077219122912717e-03
-2.762782533470348276e-03
